//Ejercicio #21

#include <Adafruit_GFX.h>
#include <Adafruit_SSD1306.h>

#define SCREEN_I2C_ADDR 0x3C // or 0x3C
#define SCREEN_WIDTH 128     // OLED display width, in pixels
#define SCREEN_HEIGHT 64     // OLED display height, in pixels
#define OLED_RST_PIN -1      // Reset pin (-1 if not available)

Adafruit_SSD1306 display(128, 64, &Wire, OLED_RST_PIN);

#define FRAME_DELAY (42)
#define FRAME_WIDTH (48)
#define FRAME_HEIGHT (48)
#define FRAME_COUNT (sizeof(frames) / sizeof(frames[0]))
const byte PROGMEM frames[][288] = {
 {0,0,0,0,0,0,0,0,0,0,0,0,0,0,1,128,0,0,0,0,1,128,0,0,0,0,1,128,0,0,0,0,3,192,0,0,0,0,3,192,0,0,0,0,6,96,0,0,0,0,6,96,0,0,0,0,6,96,0,0,0,0,12,48,0,0,0,0,12,48,0,0,0,0,28,56,0,0,0,0,24,24,0,0,0,0,24,24,0,0,0,0,48,12,0,0,0,0,48,12,0,0,63,255,240,15,255,252,63,255,224,7,255,252,28,0,0,0,0,56,14,0,0,0,0,112,3,128,0,0,1,192,1,192,0,0,3,128,0,224,0,0,7,0,0,112,0,0,14,0,0,24,0,0,24,0,0,14,0,0,112,0,0,7,0,0,224,0,0,3,0,0,192,0,0,3,0,0,192,0,0,7,0,0,224,0,0,6,0,0,96,0,0,6,0,0,96,0,0,6,0,0,96,0,0,12,3,192,48,0,0,12,15,240,48,0,0,12,30,120,48,0,0,12,120,30,48,0,0,24,224,7,24,0,0,27,192,3,216,0,0,31,0,0,248,0,0,30,0,0,120,0,0,56,0,0,28,0,0,48,0,0,12,0,0,0,0,0,0,0,0,0,0,0,0,0,0,0,0,0,0,0,0,0,0,0,0,0},
  {0,0,0,0,0,0,0,0,0,0,0,0,0,0,1,128,0,0,0,0,1,128,0,0,0,0,1,128,0,0,0,0,3,192,0,0,0,0,3,192,0,0,0,0,6,96,0,0,0,0,6,96,0,0,0,0,6,96,0,0,0,0,12,48,0,0,0,0,12,48,0,0,0,0,28,56,0,0,0,0,24,24,0,0,0,0,24,24,0,0,0,0,48,12,0,0,0,0,48,12,0,0,63,255,240,15,255,252,63,255,224,7,255,252,28,0,0,0,0,56,14,0,0,0,0,112,3,128,0,0,1,192,1,192,0,0,3,128,0,224,0,0,7,0,0,112,0,0,14,0,0,24,0,0,24,0,0,14,0,0,112,0,0,7,0,0,224,0,0,3,0,0,192,0,0,3,0,0,192,0,0,7,0,0,224,0,0,6,0,0,96,0,0,6,0,0,96,0,0,6,0,0,96,0,0,12,3,192,48,0,0,12,15,240,48,0,0,12,30,120,48,0,0,12,120,30,48,0,0,24,224,7,24,0,0,27,192,3,216,0,0,31,0,0,248,0,0,30,0,0,120,0,0,56,0,0,28,0,0,48,0,0,12,0,0,0,0,0,0,0,0,0,0,0,0,0,0,0,0,0,0,0,0,0,0,0,0,0},
  {0,0,0,0,0,0,0,0,0,0,0,0,0,0,1,128,0,0,0,0,1,128,0,0,0,0,1,128,0,0,0,0,3,192,0,0,0,0,3,192,0,0,0,0,6,96,0,0,0,0,6,96,0,0,0,0,6,96,0,0,0,0,12,48,0,0,0,0,12,48,0,0,0,0,28,56,0,0,0,0,24,24,0,0,0,0,24,24,0,0,0,0,48,12,0,0,0,0,48,12,0,0,63,255,240,15,255,252,63,255,224,7,255,252,28,0,0,0,0,56,14,0,0,0,0,112,3,128,0,0,1,192,1,192,0,0,3,128,0,224,0,0,7,0,0,112,0,0,14,0,0,24,0,0,24,0,0,14,0,0,112,0,0,7,0,0,224,0,0,3,0,0,192,0,0,3,0,0,192,0,0,7,0,0,224,0,0,6,0,0,96,0,0,6,0,0,96,0,0,6,0,0,96,0,0,12,3,192,48,0,0,12,15,240,48,0,0,12,30,120,48,0,0,12,120,30,48,0,0,24,224,7,24,0,0,27,192,3,216,0,0,31,0,0,248,0,0,30,0,0,120,0,0,56,0,0,28,0,0,48,0,0,12,0,0,0,0,0,0,0,0,0,0,0,0,0,0,0,0,0,0,0,0,0,0,0,0,0},
  {0,0,0,0,0,0,0,0,0,0,0,0,0,0,1,128,0,0,0,0,1,128,0,0,0,0,1,128,0,0,0,0,3,192,0,0,0,0,3,192,0,0,0,0,6,96,0,0,0,0,6,96,0,0,0,0,6,96,0,0,0,0,12,48,0,0,0,0,12,48,0,0,0,0,28,56,0,0,0,0,24,24,0,0,0,0,24,24,0,0,0,0,48,12,0,0,0,0,48,12,0,0,63,255,240,15,255,252,63,255,224,7,255,252,28,0,0,0,0,56,14,0,0,0,0,112,3,128,0,0,1,192,1,192,0,0,3,128,0,224,0,0,7,0,0,112,0,0,14,0,0,24,0,0,24,0,0,14,0,0,112,0,0,7,0,0,224,0,0,3,0,0,192,0,0,3,0,0,192,0,0,7,0,0,224,0,0,6,0,0,96,0,0,6,0,0,96,0,0,6,0,0,96,0,0,12,3,192,48,0,0,12,15,240,48,0,0,12,30,120,48,0,0,12,120,30,48,0,0,24,224,7,24,0,0,27,192,3,216,0,0,31,0,0,248,0,0,30,0,0,120,0,0,56,0,0,28,0,0,48,0,0,12,0,0,0,0,0,0,0,0,0,0,0,0,0,0,0,0,0,0,0,0,0,0,0,0,0},
  {0,0,0,0,0,0,0,0,0,0,0,0,0,0,0,0,0,0,0,0,0,0,0,0,0,0,1,128,0,0,0,0,1,128,0,0,0,0,3,192,0,0,0,0,3,192,0,0,0,0,3,192,0,0,0,0,6,96,0,0,0,0,6,96,0,0,0,0,4,32,0,0,0,0,12,48,0,0,0,0,12,48,0,0,0,0,24,24,0,0,0,0,24,24,0,0,0,0,16,8,0,0,0,31,240,15,248,0,31,255,240,15,255,248,15,128,0,0,1,240,3,128,0,0,1,192,1,192,0,0,3,128,0,224,0,0,7,0,0,112,1,128,14,0,0,24,1,128,24,0,0,14,0,0,112,0,0,7,0,0,224,0,0,3,128,1,192,0,0,1,0,0,128,0,0,3,0,0,192,0,0,3,0,0,192,0,0,3,0,0,192,0,0,2,0,0,64,0,0,6,3,192,96,0,0,6,7,224,96,0,0,6,30,120,96,0,0,4,56,28,32,0,0,12,240,15,48,0,0,13,192,3,176,0,0,15,0,0,240,0,0,30,0,0,120,0,0,24,0,0,24,0,0,16,0,0,8,0,0,0,0,0,0,0,0,0,0,0,0,0,0,0,0,0,0,0,0,0,0,0,0,0,0,0,0,0,0,0},
  {0,0,0,0,0,0,0,0,0,0,0,0,0,0,0,0,0,0,0,0,0,0,0,0,0,0,0,0,0,0,0,0,1,128,0,0,0,0,1,128,0,0,0,0,1,128,0,0,0,0,3,192,0,0,0,0,3,192,0,0,0,0,6,64,0,0,0,0,6,96,0,0,0,0,6,96,0,0,0,0,12,48,0,0,0,0,12,48,0,0,0,0,8,16,0,0,0,0,24,24,0,0,0,0,24,24,0,0,7,255,240,15,255,224,3,254,0,0,127,192,1,128,3,192,1,128,0,224,7,224,7,0,0,112,15,240,14,0,0,56,15,240,28,0,0,12,15,240,48,0,0,7,15,240,224,0,0,3,135,225,192,0,0,1,131,193,128,0,0,1,128,1,128,0,0,1,128,1,128,0,0,1,0,0,128,0,0,3,0,0,128,0,0,3,1,128,192,0,0,3,7,224,192,0,0,2,14,112,64,0,0,6,56,28,96,0,0,6,112,14,96,0,0,7,192,3,224,0,0,7,128,1,224,0,0,14,0,0,112,0,0,8,0,0,16,0,0,0,0,0,0,0,0,0,0,0,0,0,0,0,0,0,0,0,0,0,0,0,0,0,0,0,0,0,0,0,0,0,0,0,0,0,0,0,0,0,0,0},
  {0,0,1,128,0,0,0,0,1,128,0,0,0,0,3,192,0,0,0,0,3,192,0,0,0,0,3,192,0,0,0,0,7,224,0,0,0,0,6,96,0,0,0,0,6,96,0,0,0,0,12,48,0,0,0,0,12,48,0,0,0,0,28,56,0,0,0,0,216,27,0,0,0,0,127,254,0,0,0,2,63,252,64,0,0,7,63,252,225,0,1,130,127,254,65,128,1,255,255,255,255,128,255,255,255,255,255,255,255,199,255,255,227,255,56,15,255,255,240,28,28,15,255,255,240,56,14,15,255,255,240,112,7,143,255,255,241,224,1,207,255,255,243,128,0,255,255,255,255,0,1,255,255,255,255,128,1,191,255,255,253,128,0,31,255,255,248,0,0,7,255,255,224,0,0,23,255,255,232,0,0,63,255,255,252,0,0,15,255,255,240,0,0,13,255,255,176,0,0,12,255,255,48,0,0,12,127,254,48,0,0,24,31,248,24,0,0,56,7,224,28,0,0,120,31,248,30,0,0,56,121,158,28,0,0,48,241,143,12,0,0,51,224,7,204,0,0,55,160,5,236,0,0,126,0,0,126,0,0,124,0,0,62,0,0,112,0,0,14,0,0,96,0,0,6,0,0,0,0,0,0,0,0,0,0,0,0,0},
  {0,0,0,0,0,0,0,0,0,0,0,0,0,0,1,128,0,0,0,0,1,128,0,0,0,0,1,128,0,0,0,0,3,192,0,0,0,0,3,192,0,0,0,0,7,224,0,0,0,1,135,224,128,0,0,1,135,225,128,0,0,0,207,243,128,0,0,24,15,240,24,0,0,28,31,248,56,0,0,14,31,248,48,0,3,4,31,248,0,192,3,0,63,252,0,128,0,0,63,252,0,0,63,255,255,255,255,252,63,255,255,255,255,252,31,255,255,255,255,248,15,255,255,255,255,240,3,255,255,255,255,192,1,255,255,255,255,128,0,255,255,255,255,0,0,127,255,255,254,0,3,31,255,255,248,128,7,15,255,255,240,224,0,7,255,255,224,0,0,3,255,255,192,0,0,3,255,255,192,0,0,103,255,255,230,0,1,231,255,255,231,128,0,135,255,255,227,128,0,7,255,255,224,0,0,15,255,255,240,0,0,15,255,255,240,0,0,15,254,127,240,0,0,207,248,31,246,0,0,223,224,7,251,0,0,31,193,131,248,0,0,31,1,128,248,0,0,30,97,134,120,0,0,56,97,134,28,0,0,48,96,6,12,0,0,0,0,0,0,0,0,0,0,0,0,0,0,0,0,0,0,0,0,0,0,0,0,0},
  {0,0,0,0,0,0,0,0,0,0,0,0,0,0,1,128,0,0,0,0,1,128,0,0,0,0,1,128,0,0,0,6,3,192,96,0,0,7,3,192,96,0,0,3,7,224,192,0,0,67,7,224,194,0,0,225,7,224,135,0,0,112,15,240,14,0,0,56,15,240,28,0,0,16,31,248,8,0,12,0,31,248,0,112,14,0,31,248,0,224,2,0,63,252,0,0,0,0,63,252,0,0,63,255,255,255,255,252,63,255,255,255,255,252,31,255,255,255,255,248,15,255,255,255,255,240,3,255,255,255,255,192,1,255,255,255,255,128,0,255,255,255,255,0,0,127,255,255,254,0,0,31,255,255,248,0,30,15,255,255,240,60,28,7,255,255,224,56,0,3,255,255,192,0,0,3,255,255,192,0,0,7,255,255,224,0,1,135,255,255,225,128,7,135,255,255,225,224,6,7,255,255,224,240,0,15,255,255,240,0,0,15,255,255,240,0,0,15,254,127,240,0,0,207,248,31,242,0,1,223,224,7,251,0,1,159,192,3,249,0,0,31,0,0,248,0,0,30,1,128,120,0,0,56,97,134,28,0,0,48,97,134,12,0,0,0,65,130,0,0,0,0,1,128,0,0,0,0,0,0,0,0,0,0,0,0,0,0},
  {0,0,0,0,0,0,0,0,0,0,0,0,0,0,1,128,0,0,0,0,1,128,0,0,0,12,1,128,48,0,0,6,3,192,112,0,0,6,3,192,96,0,0,130,7,224,65,0,1,192,7,224,3,128,0,224,7,224,7,0,0,96,15,240,6,0,0,0,15,240,0,0,0,0,31,248,0,16,28,0,31,248,0,112,12,0,31,248,0,32,0,0,63,252,0,0,0,0,63,252,0,0,63,255,255,255,255,252,63,255,255,255,255,252,31,255,255,255,255,248,15,255,255,255,255,240,3,255,255,255,255,192,1,255,255,255,255,128,0,255,255,255,255,0,0,127,255,255,254,0,0,31,255,255,248,0,56,15,255,255,240,30,48,7,255,255,224,14,0,3,255,255,192,0,0,3,255,255,192,0,0,7,255,255,224,0,0,7,255,255,224,0,14,7,255,255,224,96,28,7,255,255,224,120,16,15,255,255,240,56,0,15,255,255,240,0,0,15,254,127,240,0,0,15,248,31,240,0,1,159,224,7,251,0,1,159,192,3,249,128,0,31,0,0,248,0,0,30,0,0,120,0,0,56,0,0,28,0,0,48,65,130,12,0,0,0,193,131,0,0,0,0,65,130,0,0,0,0,1,128,0,0,0,0,0,0,0,0},
  {0,0,0,0,0,0,0,0,0,0,0,0,0,0,1,128,0,0,0,0,1,128,0,0,0,12,1,128,48,0,0,4,3,192,32,0,0,0,3,192,0,0,0,128,7,224,1,0,1,192,7,224,1,128,0,128,7,224,1,0,0,0,15,240,0,0,0,0,15,240,0,0,0,0,31,248,0,16,28,0,31,248,0,48,0,0,31,248,0,0,0,0,63,252,0,0,0,0,63,252,0,0,63,255,255,255,255,252,63,255,255,255,255,252,31,255,255,255,255,248,15,255,255,255,255,240,3,255,255,255,255,192,1,255,255,255,255,128,0,255,255,255,255,0,0,127,255,255,254,0,0,31,255,255,248,0,48,15,255,255,240,6,48,7,255,255,224,6,0,3,255,255,192,0,0,3,255,255,192,0,0,7,255,255,224,0,0,7,255,255,224,0,0,7,255,255,224,0,28,7,255,255,224,24,24,15,255,255,240,24,0,15,255,255,240,0,0,15,254,127,240,0,0,15,248,31,240,0,1,31,224,7,249,0,1,159,192,3,249,128,0,31,0,0,248,0,0,30,0,0,120,0,0,56,0,0,28,0,0,48,0,0,12,0,0,0,64,2,0,0,0,0,65,130,0,0,0,0,1,128,0,0,0,0,0,0,0,0},
  {0,0,0,0,0,0,0,0,0,0,0,0,0,0,1,128,0,0,0,0,1,128,0,0,0,0,1,128,0,0,0,0,3,192,0,0,0,0,3,192,0,0,0,0,7,224,0,0,0,0,7,224,0,0,0,0,7,224,0,0,0,0,15,240,0,0,0,0,15,240,0,0,0,0,31,248,0,0,0,0,31,248,0,0,0,0,31,248,0,0,0,0,63,252,0,0,0,0,63,252,0,0,63,255,255,255,255,252,63,255,255,255,255,252,31,255,255,255,255,248,15,255,255,255,255,240,3,255,255,255,255,192,1,255,255,255,255,128,0,255,255,255,255,0,0,127,255,255,254,0,0,31,255,255,248,0,0,15,255,255,240,0,0,7,255,255,224,0,0,3,255,255,192,0,0,3,255,255,192,0,0,7,255,255,224,0,0,7,255,255,224,0,0,7,255,255,224,0,0,7,255,255,224,0,0,15,255,255,240,0,0,15,255,255,240,0,0,15,254,127,240,0,0,15,248,31,240,0,0,31,224,7,248,0,0,31,192,3,248,0,0,31,0,0,248,0,0,30,0,0,120,0,0,56,0,0,28,0,0,48,0,0,12,0,0,0,0,0,0,0,0,0,0,0,0,0,0,0,0,0,0,0,0,0,0,0,0,0},
  {0,0,0,0,0,0,0,0,0,0,0,0,0,0,1,128,0,0,0,0,1,128,0,0,0,0,1,128,0,0,0,0,3,192,0,0,0,0,3,192,0,0,0,0,7,224,0,0,0,0,7,224,0,0,0,0,7,224,0,0,0,0,15,240,0,0,0,0,15,240,0,0,0,0,31,248,0,0,0,0,31,248,0,0,0,0,31,248,0,0,0,0,63,252,0,0,0,0,63,252,0,0,63,255,255,255,255,252,63,255,255,255,255,252,31,255,255,255,255,248,15,255,255,255,255,240,3,255,255,255,255,192,1,255,255,255,255,128,0,255,255,255,255,0,0,127,255,255,254,0,0,31,255,255,248,0,0,15,255,255,240,0,0,7,255,255,224,0,0,3,255,255,192,0,0,3,255,255,192,0,0,7,255,255,224,0,0,7,255,255,224,0,0,7,255,255,224,0,0,7,255,255,224,0,0,15,255,255,240,0,0,15,255,255,240,0,0,15,254,127,240,0,0,15,248,31,240,0,0,31,224,7,248,0,0,31,192,3,248,0,0,31,0,0,248,0,0,30,0,0,120,0,0,56,0,0,28,0,0,48,0,0,12,0,0,0,0,0,0,0,0,0,0,0,0,0,0,0,0,0,0,0,0,0,0,0,0,0},
  {0,0,0,0,0,0,0,0,0,0,0,0,0,0,1,128,0,0,0,0,1,128,0,0,0,0,1,128,0,0,0,0,3,192,0,0,0,0,3,192,0,0,0,0,7,224,0,0,0,0,7,224,0,0,0,0,7,224,0,0,0,0,15,240,0,0,0,0,15,240,0,0,0,0,31,248,0,0,0,0,31,248,0,0,0,0,31,248,0,0,0,0,63,252,0,0,0,0,63,252,0,0,63,255,255,255,255,252,63,255,255,255,255,252,31,255,255,255,255,248,15,255,255,255,255,240,3,255,255,255,255,192,1,255,255,255,255,128,0,255,255,255,255,0,0,127,255,255,254,0,0,31,255,255,248,0,0,15,255,255,240,0,0,7,255,255,224,0,0,3,255,255,192,0,0,3,255,255,192,0,0,7,255,255,224,0,0,7,255,255,224,0,0,7,255,255,224,0,0,7,255,255,224,0,0,15,255,255,240,0,0,15,255,255,240,0,0,15,254,127,240,0,0,15,248,31,240,0,0,31,224,7,248,0,0,31,192,3,248,0,0,31,0,0,248,0,0,30,0,0,120,0,0,56,0,0,28,0,0,48,0,0,12,0,0,0,0,0,0,0,0,0,0,0,0,0,0,0,0,0,0,0,0,0,0,0,0,0},
  {0,0,0,0,0,0,0,0,0,0,0,0,0,0,1,128,0,0,0,0,1,128,0,0,0,0,1,128,0,0,0,0,3,192,0,0,0,0,3,192,0,0,0,0,7,224,0,0,0,0,7,224,0,0,0,0,7,224,0,0,0,0,15,240,0,0,0,0,15,240,0,0,0,0,31,248,0,0,0,0,31,248,0,0,0,0,31,248,0,0,0,0,63,252,0,0,0,0,63,252,0,0,63,255,255,255,255,252,63,255,255,255,255,252,31,255,255,255,255,248,15,255,255,255,255,240,3,255,255,255,255,192,1,255,255,255,255,128,0,255,255,255,255,0,0,127,255,255,254,0,0,31,255,255,248,0,0,15,255,255,240,0,0,7,255,255,224,0,0,3,255,255,192,0,0,3,255,255,192,0,0,7,255,255,224,0,0,7,255,255,224,0,0,7,255,255,224,0,0,7,255,255,224,0,0,15,255,255,240,0,0,15,255,255,240,0,0,15,254,127,240,0,0,15,248,31,240,0,0,31,224,7,248,0,0,31,192,3,248,0,0,31,0,0,248,0,0,30,0,0,120,0,0,56,0,0,28,0,0,48,0,0,12,0,0,0,0,0,0,0,0,0,0,0,0,0,0,0,0,0,0,0,0,0,0,0,0,0},
  {0,0,0,0,0,0,0,0,0,0,0,0,0,0,1,128,0,0,0,0,1,128,0,0,0,0,1,128,0,0,0,0,3,192,0,0,0,0,3,192,0,0,0,0,7,224,0,0,0,0,7,224,0,0,0,0,7,224,0,0,0,0,15,240,0,0,0,0,15,240,0,0,0,0,31,248,0,0,0,0,31,248,0,0,0,0,31,248,0,0,0,0,63,252,0,0,0,0,63,252,0,0,63,255,255,255,255,252,63,255,255,255,255,252,31,255,255,255,255,248,15,255,255,255,255,240,3,255,255,255,255,192,1,255,255,255,255,128,0,255,255,255,255,0,0,127,255,255,254,0,0,31,255,255,248,0,0,15,255,255,240,0,0,7,255,255,224,0,0,3,255,255,192,0,0,3,255,255,192,0,0,7,255,255,224,0,0,7,255,255,224,0,0,7,255,255,224,0,0,7,255,255,224,0,0,15,255,255,240,0,0,15,255,255,240,0,0,15,254,127,240,0,0,15,248,31,240,0,0,31,224,7,248,0,0,31,192,3,248,0,0,31,0,0,248,0,0,30,0,0,120,0,0,56,0,0,28,0,0,48,0,0,12,0,0,0,0,0,0,0,0,0,0,0,0,0,0,0,0,0,0,0,0,0,0,0,0,0},
  {0,0,0,0,0,0,0,0,0,0,0,0,0,0,1,128,0,0,0,0,1,128,0,0,0,0,1,128,0,0,0,0,3,192,0,0,0,0,3,192,0,0,0,0,7,224,0,0,0,0,7,224,0,0,0,0,7,224,0,0,0,0,15,240,0,0,0,0,15,240,0,0,0,0,31,248,0,0,0,0,31,248,0,0,0,0,31,248,0,0,0,0,63,252,0,0,0,0,63,252,0,0,63,255,255,255,255,252,63,255,255,255,255,252,31,255,255,255,255,248,15,255,255,255,255,240,3,255,255,255,255,192,1,255,255,255,255,128,0,255,255,255,255,0,0,127,255,255,254,0,0,31,255,255,248,0,0,15,255,255,240,0,0,7,255,255,224,0,0,3,255,255,192,0,0,3,255,255,192,0,0,7,255,255,224,0,0,7,255,255,224,0,0,7,255,255,224,0,0,7,255,255,224,0,0,15,255,255,240,0,0,15,255,255,240,0,0,15,254,127,240,0,0,15,248,31,240,0,0,31,224,7,248,0,0,31,192,3,248,0,0,31,0,0,248,0,0,30,0,0,120,0,0,56,0,0,28,0,0,48,0,0,12,0,0,0,0,0,0,0,0,0,0,0,0,0,0,0,0,0,0,0,0,0,0,0,0,0},
  {0,0,0,0,0,0,0,0,0,0,0,0,0,0,1,128,0,0,0,0,1,128,0,0,0,0,1,128,0,0,0,0,3,192,0,0,0,0,3,192,0,0,0,0,7,224,0,0,0,0,7,224,0,0,0,0,7,224,0,0,0,0,15,240,0,0,0,0,15,240,0,0,0,0,31,248,0,0,0,0,31,248,0,0,0,0,31,248,0,0,0,0,63,252,0,0,0,0,63,252,0,0,63,255,255,255,255,252,63,255,255,255,255,252,31,255,255,255,255,248,15,255,255,255,255,240,3,255,255,255,255,192,1,255,255,255,255,128,0,255,255,255,255,0,0,127,255,255,254,0,0,31,255,255,248,0,0,15,255,255,240,0,0,7,255,255,224,0,0,3,255,255,192,0,0,3,255,255,192,0,0,7,255,255,224,0,0,7,255,255,224,0,0,7,255,255,224,0,0,7,255,255,224,0,0,15,255,255,240,0,0,15,255,255,240,0,0,15,254,127,240,0,0,15,248,31,240,0,0,31,224,7,248,0,0,31,192,3,248,0,0,31,0,0,248,0,0,30,0,0,120,0,0,56,0,0,28,0,0,48,0,0,12,0,0,0,0,0,0,0,0,0,0,0,0,0,0,0,0,0,0,0,0,0,0,0,0,0},
  {0,0,0,0,0,0,0,0,1,128,0,0,0,0,1,128,0,0,0,0,3,192,0,0,0,0,3,192,0,0,0,0,3,192,0,0,0,0,7,224,0,0,0,0,7,224,0,0,0,0,15,240,0,0,0,0,15,240,0,0,0,0,15,240,0,0,0,0,31,248,0,0,0,0,31,248,0,0,0,0,63,252,0,0,0,0,63,252,0,0,0,0,63,252,0,0,0,3,255,255,192,0,255,255,255,255,255,255,127,255,255,255,255,254,63,255,255,255,255,252,31,255,255,255,255,248,7,255,255,255,255,224,3,255,255,255,255,192,1,255,255,255,255,128,0,255,255,255,255,0,0,63,255,255,252,0,0,31,255,255,248,0,0,15,255,255,240,0,0,7,255,255,224,0,0,7,255,255,224,0,0,7,255,255,224,0,0,7,255,255,224,0,0,15,255,255,240,0,0,15,255,255,240,0,0,15,255,255,240,0,0,15,255,255,240,0,0,31,255,255,248,0,0,31,252,63,248,0,0,31,248,31,248,0,0,31,224,7,248,0,0,63,192,3,252,0,0,63,0,0,252,0,0,62,0,0,124,0,0,120,0,0,28,0,0,96,0,0,6,0,0,64,0,0,2,0,0,0,0,0,0,0,0,0,0,0,0,0},
  {0,0,1,128,0,0,0,0,1,128,0,0,0,0,3,192,0,0,0,0,3,192,0,0,0,0,3,192,0,0,0,0,7,224,0,0,0,0,7,224,0,0,0,0,7,224,0,0,0,0,15,240,0,0,0,0,15,240,0,0,0,0,31,248,0,0,0,0,31,248,0,0,0,0,31,248,0,0,0,0,63,252,0,0,0,0,63,252,0,0,0,0,127,254,0,0,0,255,255,255,255,0,255,255,255,255,255,255,255,255,255,255,255,255,63,255,255,255,255,252,31,255,255,255,255,248,15,255,255,255,255,240,7,255,255,255,255,224,1,255,255,255,255,128,0,255,255,255,255,0,0,127,255,255,254,0,0,63,255,255,252,0,0,31,255,255,248,0,0,7,255,255,224,0,0,7,255,255,224,0,0,7,255,255,224,0,0,15,255,255,240,0,0,15,255,255,240,0,0,15,255,255,240,0,0,15,255,255,240,0,0,31,255,255,248,0,0,31,255,255,248,0,0,31,254,127,248,0,0,31,248,31,248,0,0,63,240,15,252,0,0,63,192,3,252,0,0,63,128,1,252,0,0,126,0,0,126,0,0,124,0,0,62,0,0,112,0,0,14,0,0,96,0,0,6,0,0,0,0,0,0,0,0,0,0,0,0,0},
  {0,0,0,0,0,0,0,0,0,0,0,0,0,0,0,0,0,0,0,0,1,128,0,0,0,0,1,128,0,0,0,0,3,192,0,0,0,0,3,192,0,0,0,0,3,192,0,0,0,0,7,224,0,0,0,0,7,224,0,0,0,0,15,224,0,0,0,0,15,240,0,0,0,0,15,240,0,0,0,0,31,248,0,0,0,0,31,248,0,0,0,0,31,248,0,0,0,0,63,252,0,0,3,255,255,255,255,192,31,255,255,255,255,248,15,255,255,255,255,240,7,255,255,255,255,224,3,255,255,255,255,192,1,255,255,255,255,128,0,127,255,255,254,0,0,63,255,255,252,0,0,31,255,255,248,0,0,15,255,255,240,0,0,7,255,255,192,0,0,3,255,255,192,0,0,3,255,255,192,0,0,3,255,255,192,0,0,7,255,255,192,0,0,7,255,255,224,0,0,7,255,255,224,0,0,7,255,255,224,0,0,15,254,127,240,0,0,15,252,63,240,0,0,15,240,15,240,0,0,15,224,7,240,0,0,31,128,1,248,0,0,31,0,0,248,0,0,28,0,0,56,0,0,24,0,0,24,0,0,32,0,0,0,0,0,0,0,0,0,0,0,0,0,0,0,0,0,0,0,0,0,0,0,0,0,0,0,0},
  {0,0,0,0,0,0,0,0,0,0,0,0,0,0,0,0,0,0,0,0,0,0,0,0,0,0,0,0,0,0,0,0,1,128,0,0,0,0,3,192,0,0,0,0,3,192,0,0,0,0,7,192,0,0,0,0,7,224,0,0,0,0,7,224,0,0,0,0,15,240,0,0,0,0,15,240,0,0,0,0,31,240,0,0,0,0,31,248,0,0,0,0,31,248,0,0,0,0,63,248,0,0,0,15,255,255,240,0,3,255,255,255,255,192,3,255,255,255,255,192,3,255,255,255,255,192,3,255,255,255,255,192,0,255,255,255,255,0,0,127,255,255,254,0,0,63,255,255,252,0,0,31,255,255,248,0,0,7,255,255,224,0,0,3,255,255,192,0,0,1,255,255,128,0,0,3,255,255,192,0,0,3,255,255,192,0,0,3,255,255,192,0,0,7,255,255,192,0,0,7,255,255,224,0,0,7,255,255,224,0,0,7,254,127,224,0,0,15,252,63,240,0,0,15,240,15,240,0,0,7,192,7,224,0,0,7,128,1,224,0,0,0,0,0,0,0,0,0,0,0,0,0,0,0,0,0,0,0,0,0,0,0,0,0,0,0,0,0,0,0,0,0,0,0,0,0,0,0,0,0,0,0,0,0,0,0,0,0},
  {0,0,0,0,0,0,0,0,0,0,0,0,0,0,0,0,0,0,0,0,0,0,0,0,0,0,1,128,0,0,0,0,1,128,0,0,0,0,1,128,0,0,0,0,3,192,0,0,0,0,3,192,0,0,0,0,6,96,0,0,0,0,6,96,0,0,0,0,6,96,0,0,0,0,15,240,0,0,0,0,31,240,0,0,0,0,31,248,0,0,0,0,31,248,0,0,0,0,63,252,0,0,0,3,255,255,192,0,15,255,255,255,255,240,7,199,255,255,227,224,3,135,255,255,225,192,1,207,255,255,243,128,0,239,255,255,247,0,0,63,255,255,252,0,0,31,255,255,248,0,0,15,255,255,240,0,0,7,255,255,224,0,0,3,255,255,192,0,0,3,255,255,128,0,0,3,255,255,192,0,0,3,255,255,192,0,0,3,255,255,192,0,0,3,255,255,192,0,0,2,127,254,64,0,0,6,63,252,96,0,0,6,30,120,96,0,0,6,120,30,96,0,0,12,224,7,32,0,0,15,192,3,240,0,0,15,0,0,240,0,0,14,0,0,112,0,0,24,0,0,24,0,0,0,0,0,0,0,0,0,0,0,0,0,0,0,0,0,0,0,0,0,0,0,0,0,0,0,0,0,0,0,0,0,0,0,0,0},
  {0,0,0,0,0,0,0,0,0,0,0,0,0,0,1,128,0,0,0,0,1,128,0,0,0,0,1,128,0,0,0,0,3,192,0,0,0,0,3,192,0,0,0,0,6,96,0,0,0,0,6,96,0,0,0,0,6,96,0,0,0,0,12,48,0,0,0,0,12,48,0,0,0,0,28,56,0,0,0,0,24,24,0,0,0,0,24,24,0,0,0,0,48,12,0,0,0,0,48,12,0,0,63,255,240,15,255,252,63,255,231,231,255,252,28,0,15,240,0,56,14,0,31,248,0,112,3,128,63,252,1,192,1,192,63,252,3,128,0,224,63,252,7,0,0,112,63,252,14,0,0,24,63,252,24,0,0,14,63,252,112,0,0,7,31,248,224,0,0,3,15,240,192,0,0,3,7,224,192,0,0,7,0,0,224,0,0,6,0,0,96,0,0,6,0,0,96,0,0,6,0,0,96,0,0,12,3,192,48,0,0,12,15,240,48,0,0,12,30,120,48,0,0,12,120,30,48,0,0,24,224,7,24,0,0,27,192,3,216,0,0,31,0,0,248,0,0,30,0,0,120,0,0,56,0,0,28,0,0,48,0,0,12,0,0,0,0,0,0,0,0,0,0,0,0,0,0,0,0,0,0,0,0,0,0,0,0,0},
  {0,0,0,0,0,0,0,0,0,0,0,0,0,0,1,128,0,0,0,0,1,128,0,0,0,0,1,128,0,0,0,0,3,192,0,0,0,0,3,192,0,0,0,0,6,96,0,0,0,0,6,96,0,0,0,0,6,96,0,0,0,0,12,48,0,0,0,0,12,48,0,0,0,0,28,56,0,0,0,0,24,24,0,0,0,0,24,24,0,0,0,0,48,12,0,0,0,0,48,12,0,0,63,255,240,15,255,252,63,255,224,7,255,252,28,0,0,0,0,56,14,0,0,0,0,112,3,128,0,0,1,192,1,192,1,128,3,128,0,224,3,192,7,0,0,112,3,192,14,0,0,24,1,128,24,0,0,14,0,0,112,0,0,7,0,0,224,0,0,3,0,0,192,0,0,3,0,0,192,0,0,7,0,0,224,0,0,6,0,0,96,0,0,6,0,0,96,0,0,6,0,0,96,0,0,12,3,192,48,0,0,12,15,240,48,0,0,12,30,120,48,0,0,12,120,30,48,0,0,24,224,7,24,0,0,27,192,3,216,0,0,31,0,0,248,0,0,30,0,0,120,0,0,56,0,0,28,0,0,48,0,0,12,0,0,0,0,0,0,0,0,0,0,0,0,0,0,0,0,0,0,0,0,0,0,0,0,0},
  {0,0,0,0,0,0,0,0,0,0,0,0,0,0,1,128,0,0,0,0,1,128,0,0,0,0,1,128,0,0,0,0,3,192,0,0,0,0,3,192,0,0,0,0,6,96,0,0,0,0,6,96,0,0,0,0,6,96,0,0,0,0,12,48,0,0,0,0,12,48,0,0,0,0,28,56,0,0,0,0,24,24,0,0,0,0,24,24,0,0,0,0,48,12,0,0,0,0,48,12,0,0,63,255,240,15,255,252,63,255,224,7,255,252,28,0,0,0,0,56,14,0,0,0,0,112,3,128,0,0,1,192,1,192,0,0,3,128,0,224,0,0,7,0,0,112,0,0,14,0,0,24,0,0,24,0,0,14,0,0,112,0,0,7,0,0,224,0,0,3,0,0,192,0,0,3,0,0,192,0,0,7,0,0,224,0,0,6,0,0,96,0,0,6,0,0,96,0,0,6,0,0,96,0,0,12,3,192,48,0,0,12,15,240,48,0,0,12,30,120,48,0,0,12,120,30,48,0,0,24,224,7,24,0,0,27,192,3,216,0,0,31,0,0,248,0,0,30,0,0,120,0,0,56,0,0,28,0,0,48,0,0,12,0,0,0,0,0,0,0,0,0,0,0,0,0,0,0,0,0,0,0,0,0,0,0,0,0},
  {0,0,0,0,0,0,0,0,0,0,0,0,0,0,1,128,0,0,0,0,1,128,0,0,0,0,1,128,0,0,0,0,3,192,0,0,0,0,3,192,0,0,0,0,6,96,0,0,0,0,6,96,0,0,0,0,6,96,0,0,0,0,12,48,0,0,0,0,12,48,0,0,0,0,28,56,0,0,0,0,24,24,0,0,0,0,24,24,0,0,0,0,48,12,0,0,0,0,48,12,0,0,63,255,240,15,255,252,63,255,224,7,255,252,28,0,0,0,0,56,14,0,0,0,0,112,3,128,0,0,1,192,1,192,0,0,3,128,0,224,0,0,7,0,0,112,0,0,14,0,0,24,0,0,24,0,0,14,0,0,112,0,0,7,0,0,224,0,0,3,0,0,192,0,0,3,0,0,192,0,0,7,0,0,224,0,0,6,0,0,96,0,0,6,0,0,96,0,0,6,0,0,96,0,0,12,3,192,48,0,0,12,15,240,48,0,0,12,30,120,48,0,0,12,120,30,48,0,0,24,224,7,24,0,0,27,192,3,216,0,0,31,0,0,248,0,0,30,0,0,120,0,0,56,0,0,28,0,0,48,0,0,12,0,0,0,0,0,0,0,0,0,0,0,0,0,0,0,0,0,0,0,0,0,0,0,0,0},
  {0,0,0,0,0,0,0,0,0,0,0,0,0,0,1,128,0,0,0,0,1,128,0,0,0,0,1,128,0,0,0,0,3,192,0,0,0,0,3,192,0,0,0,0,6,96,0,0,0,0,6,96,0,0,0,0,6,96,0,0,0,0,12,48,0,0,0,0,12,48,0,0,0,0,28,56,0,0,0,0,24,24,0,0,0,0,24,24,0,0,0,0,48,12,0,0,0,0,48,12,0,0,63,255,240,15,255,252,63,255,224,7,255,252,28,0,0,0,0,56,14,0,0,0,0,112,3,128,0,0,1,192,1,192,0,0,3,128,0,224,0,0,7,0,0,112,0,0,14,0,0,24,0,0,24,0,0,14,0,0,112,0,0,7,0,0,224,0,0,3,0,0,192,0,0,3,0,0,192,0,0,7,0,0,224,0,0,6,0,0,96,0,0,6,0,0,96,0,0,6,0,0,96,0,0,12,3,192,48,0,0,12,15,240,48,0,0,12,30,120,48,0,0,12,120,30,48,0,0,24,224,7,24,0,0,27,192,3,216,0,0,31,0,0,248,0,0,30,0,0,120,0,0,56,0,0,28,0,0,48,0,0,12,0,0,0,0,0,0,0,0,0,0,0,0,0,0,0,0,0,0,0,0,0,0,0,0,0}
};
void setup() {
  display.begin(SSD1306_SWITCHCAPVCC, SCREEN_I2C_ADDR);
  display.drawBitmap(32, 8, frames[0], FRAME_WIDTH, FRAME_HEIGHT, 1);
  display.setTextSize(1);
  display.setTextColor(SSD1306_WHITE);
  display.setCursor(32, 56); 
  display.print("Susan Gomez");
  display.display();
}

int frame = 0;
void loop() {
  display.clearDisplay();
  display.drawBitmap(0, 0, frames[frame], FRAME_WIDTH, FRAME_HEIGHT, 1);
  display.setTextSize(1);
  display.setTextColor(SSD1306_WHITE);
  display.setCursor(32, 56);
  display.print("Susan Gomez");
  display.display();
  frame = (frame + 1) % FRAME_COUNT;
  delay(FRAME_DELAY);
}
